001700509573024106800501002700295018009400305652800007465080071000159004908007053
029650178705180600100900500257800309600219005900007046573400021800020453010395000
008203500009670408346050702430010059967005001000496203280034067703500904004107020
800005216045862007670009500769204030020001765001670009004096800907400601306107940
700020548052008000430957106900061700041030695307509001083075469200080350074306000
705002030230100056090536720406081205809004000300095648040053180523000069001429003
740680900060100080012054736307800120008401570490720060209500040500069308106047205
460020905920145680005300004008964302200500800356200490090070003630850710017609208
437205610082060050000301028091807000703950186040006207200798045004003072379002060
002905047507023006036010950610204008005800004048590213200300701870002039069147020
920870605084036079006001008510709020300012087402300960007253100005048702231000804
062100950908035006040029170250000084400502600890463205020357000070006502685004731
001700905305098024690015007908350012400900536032046000089003040203801650050029073
203070016100026704706480030001800490094710062320094080600003005902157048405060903
486051230002070004005840109000568090904000700368094512009130028003085970817600040
902500607003840090014760302601005000000100264237684509306420900000006023429071806
571390240300850009080010035043205001260041750005600820004123500152008096007009410
806047003901083547300900600680090300012376084009800706290760031003502060108400270
508900216090168045406200000360500801829017530000039600705486120040050360680001007
056120400100030906308760105700000000084371692061095078870903204000607800613040709
396050200000369547054001030003600800605003024402895016047030108209108053001570090
204601780100020946806504000307150004460080270010406308639208510000005460540063009
100900300900002001328741659080103004509204800740009216070000003030826075295017068
370069120009415006051000089280100037003257064046900050008301502032604018190080003
903760012760185930010000060600050301035041090401076025209503086150098273008007000
625038970009200005040095302987020030150067009000019587498601053000083640016002090
000048007475030082320709106504820670060170050780060210907012068100380005850090320
080640019120007060096105804001960072067080051230701040910478230072009480300006007
802504600001083975503700800109070000040860291280901507600430059004650320935020060
007008009020056401615970038401792850502001000900005142094580006050023010206040785
601700080048650310007804506400970003739200004020503798562007900910026075000105042
040017809067320040509080320658004913072103408000890000085040632324650790000730000
840605100700002405302049806030407008960081043401006907693504001504010009000903254
030065180120800070850201904090730018201048703308900060709054000003109807510600349
005600401030082005794501260003004002479208350500760904216009540008340020040120680
094086200080400950320019480050600300940201008078930125402760891000092004869003070
003840620294500078005072400907610582801205060006007001009008356752364009008050007
300406050261370409400009206980050071046813092030700600029001004013047820500260013
060807210041300070028604905200701069814903050600002301082070600056098027007230508
203000014076930008004182036849301672030000500500297800008005020407809365025740009
056090800910805702030607590000002106460951287127008000089126473001009000670040910
745013200010004653600085010038067945176549002000000060900008320400321090352090108
007405080532690074080700905020806003053204697704003800001347560640100030370500240
840060300003287604260004180010032040504000201702149063908013070006008915420790030
809050713070098200203401800150046382304005001008130090902860040405700130006510920
648001093100030004007426508280003105504100020001245069820007430490012086010860002
500030008290108600108607935012780050030510092704002860309201006021805340080900017
807501324042907000005400079063080795074093108080056000050009003408600957901375006
700009104401735060860400507006827009308004071072003046204000700680570490500248610
143902570709045031000030004972300140036401009000079860065700300301620957200510400
