096040001100060004504810390007950043030080000405023018010630059059070830003590007
105802000090076405200400819019007306762083090000061050007600030430020501600308900
005030081902850060600004050007402830349760005008300490150087002090000600026049503
340910020096080041008020070060057039102060700970030064450208006080090050603001890
007300405000020900253064870090740360000030080836209047100802603600000018082610004
935007008000308070600500490073004000400175080061800247018700000006080750750403862
005020001087350046400060500050900000070035410693140857741500608000284005500000304
007500030800230009034790860003004198048150003006023007351060780400310006070005002
058004021060853007039020005800001006003700210106082500670200180900400050080916702
020100006530082940800340005354276100006030004900001620090003078743809000005004301
093200080200085000080730254975800031000074060604503807700002048320400070008057900
086702004000500800154090237070905001029004008510600042205070083000153000390008075
070000280020006057865472900009250064040019070708004009300700698007901000590028030
002130748804000002017802600068090270093200004500460300009024003006300190385001020
904603001370100206006009304001300905560091000820004610007900040405016700102007508
469507000038094500000030489300061940080470002701000800010050090850003601290608750
009201070070000002542083109790025006000030907803600200017060495980500003400917020
071003005630501907090670031760020040500960178010030002056019280000006500042300010
814500602007942580000100300000070000286400730470089250150024963000603000302800005
006200030070000160410657080062900301004002500190065840000530027720080050309026408
000908013600007020491503006009604008014095360086300100100080607960751000870000290
050007603030008900907024105600010070301900560800705302000000701713546208500870400
048000065000037204210405000600170500950006140102040730301084007070291080096000401
280500074070020500500306908095080000037400209020709103000100092803950700912640800
506000980780060003090187050260905078050078102100003006940052001600000049800490025
000900604096430080380072105010006050608509300053010240009100000002890567805203009
017005000800200370250076018070590031084620000030000264305062007760009502001450003
401070305000569024056003000900004600800390700740601230530810090100456873600000002
070080940000406107914070003001900800897053026300800019562708300000009061030600208
305460020000030500408201730053080402076502903009010005602004150900100046510306000
405218003073000050020300409286700000019050078000082396030009081042560907960800000
425001000090300051030059207060010008904280506508064002709042603340090100006007020
000003600067189402048600703630200904000050030082346070490560020006002040800790065
000265093003070002652030701009056004501042076800700300980020100025407038007500200
053806091790050300060020400628007104100068020000201608000600500286030009530710062
600401000920630081013008204801260340002710600040000020060850032409072000230006790
000080040806040192014720600009802400463900018700060039048005700001008920600014850
025000708013208500000409023030010906009820300086043250050790602001000035640105800
960000380002380401031450060040523870020000100380900006408290010000047052205030740
300800400007054002690700510019487006003260001540000807700609184060103005920008003
005930007003008049680701203100800506040306010530029080760200400301095070000680301
370021540950604000002080193040500008506208039080007600120800367035070000600012080
526079000170004320000280056090030164760452900030000500087000005900120047012045800
601280430003700000052600901140020600009468502520007340000006020805000004207941056
075813004416000038000046700600107089530000007087654300103400800700002003020301406
390620481001004003500390000005900032023048005670050048430560000908402570000080304
300960000008100600064003817200030001030605700705204963092470050050390078003006190
900732008000000302325080970407000026008429037002806040260000081500008060013264090
900080270380205401020040030005071093870560120410020050798054310000010080050800009
060400007130925006002007153810076900070001802050030001601090570920700004000154029
