290500007700000400004738012902003064800050070500067200309004005000080700087005109
080020000040500320020309046600090004000640501134050700360004002407230600000700450
608730000200000460000064820080005701900618004031000080860200039050000100100456200
902040560000009000061250470040030102600480090003070080500008000306500947100360005
020001630090500400806049002900005701000900300352076800009004506080050000045600018
034060901700012680080009000023050790007020005500078030010590000000000413078130020
020604030450100206600005100004003000095201380200500907510000603807352000000000058
032054900090001004080700031005600027800070000270140005000210300018907652603000000
009000700080034065500027001400380096300400017908006000610009308023501070000060040
710480060090050070004030908000040090080300020630208045000500000027001059560970201
040085701950700800080006400370002000002008170600007082809023500400800010001050208
050800300001040860308010002085230600003080007020090083560170498807400000000050700
034580026080700301001002000026400030019370205000100090000000000500014760047063019
670009020030005090900760504806090241020000009090682000007030410580000600300206070
608043790002007016900600000500004180040030050800069040704005361020006005100078000
007090004200000060830746210903604150002530007100000040001050693006903000040100005
246908001700004200000010406030042080510009043800006000003475860460800032070000000
920006301400008065005901000200010030000004750548200600004090020090000540103642800
090068100028500004060200073800624700300000021902300400000000900450036000609150340
018036040609080003000900860307600408050020007090400500062050084000070006084209001
510000360000006000090253870902300040850600703000540080020160900100030050069070028
067050030910800006000032790891400052600305080000010040006100204000003860780504000
500072060970308051001000040450000810002405600007900005010020070204059030090600502
300700081100300907209108000560000809700490060000860010040000078820610090010084020
040901030060030007037004510004150720650708900000000100018090602020010350070502000
004050029500491380930000000008060003000007002309204508051079064043000010000102005
000750902005200006920008700890105000002400100004800579450900600000507091170600040
051080900000710300038002016043001600180200030000034092800309250010020040590000700
620900000000065420507020109800102050209048600040000080400290508052700300300006090
060000007237604100000701603000073010140200700008100032092460580006030270700500000
000073000025090037760020100004960070907005300600080094076004010400200750001036008
850000009090013050070502810060030000027408603300009107500940360900006405040020000
300060000000137082206000750080070024720004960050906000002700100160803095500010030
439000000000007952000819300002090500950460070700500409598000620000638005300900100
068045200000030106300020070040000000906012087100904302800007620023401790005200000
003009006270638090060000037540300079039050040000090100302800000004120785007060300
400003091080260400605700300150040030040130579900005000800402015010050000009070806
201067000000310690076000502807006000050704020004003086740200800060001203030078040
817090200040678059000000070006000004090080706502046080000200000035810642420060800
040053706000000090876042003000000008087610904020380010700000000010206837630071500
106903005000000630400850090004008009089470010060100407531024900000300140040090050
000500000265030081007060350403000690002600008001845700910070006700450010008020904
900540000001620098035000026090406001000009003126005740007054000340000805050037060
007420006904800752800500000398050070005900600000087090000040980259108000001006503
016003280002010300080006007600000002830670059020405030098107506300900020400008090
080609024900740080470000900050080003030400891806090000600075008720104650090000300
000105200200000503135024090710006000450803102000010750504002031800090400003040800
304750009900406070200000405400605003500012704810000500180093000093004058000007030
040000096709061020020059100007600000080027601690100075000846000072003804408000003
009025107004000006206094800800200000540700012001340780400900300030008500068002401
