000075400000000008080190000300001060000000034000068170204000603900000020530200000
300000000050703008000028070700000043000000000003904105400300800100040000968000200
302609005500730000000000900000940000000000109000057060008500006000000003019082040
530000008007000030200006901000500200090370004000981000300040560000090000000007080
008310900095000160000000005000400000000080049006072000000001030000240607001008200
000400970000051600042000010030000000070508064000070000700030000300090000005864009
060500000720000000000000320000050637000004500000230180180009000603070000004006003
274000030000000005000600041900306000100280000006054000000000002007000583000095700
570000069000003800090000000801600000000030600702000050000060501000702000006091032
005200000400300700600000010800020100040800500000095000083040070090006080500902000
400500600200000000000020000002004380000030000790000504000060490070093810500100030
000790000001000000040050080000800027009003000000020403000040600004907100600501790
060010000403700008520640000002000000009438005000006300004301200000200000005070000
130400000705300000600020000000000027000900400000000085860500003059103000002004060
020001048400000037071006020500000000000010802000809500090030400000040000000902060
000000020006410035180020000008130406020000300600000000790005000004000008001300002
040000200000007090000006010870020004901000028060030100006800041000070050005900000
000030009048900000200470100125000080000080710000500000000090054061000003000050070
000000060306000000000000805000605071005000300100870042900200014201080000000703000
900000586008070004401000300002010900804005100000007000003008702000000000600040009
000032970070045010000800000001060000000000000029000840500620007004000009100009036
950003008800002000031000000060350090010007050000060010008000307000206009007000004
000000000300027801100083000005001000001370060007004002200060070004000000900030650
030207001000180670001030050000500900190004008000600020300700000000005080000020006
600000004020507000000000031010900060000350109800000002240108000067090000003000006
600095000000061802000000100500016000004000200002008036000002450040050000003400070
201070800460000090080010040000050030030980051000006000004097000500000000090020700
090000030100000800000312700050640007000730240080500000026000010000004300000050060
000560300100000800024000000009000000080720006610800000007206000400080037000104090
090035406001000000007000089070940050100200000006800700008004030000600040605000000
050060040006247091000190000000600900200000084000300005031000008000000006004000250
000001050004000280000820007000006000000287000070000090500070061900060020002043500
003140970509000000080002001000900063000003700900500400070000340200008000000057000
000084970600030000000600200008050700030720850000000000080047103000008400200100000
000400018000016200000005000000090305004007060006001004080060029059000600010000700
076000002050100043000060010640010000000050001002073000807000030069030007000000400
000806009069000400000000700700900100030700002008040005000002031000104800070050600
000098000070105020030040009007502000000000600012060004000080900700006431040000000
020000008000000004007000352000050093608090000005002410700300000003100600000608005
001000700040609000002408300000005070003000104000900263004090000000502008080000020
500040081900630000000000006000260004000071090000900800008004060093080200100000700
008040005326109000051003000000070000000205907000008060005030000003004000010000380
300600500200000003007340001592000017080070000001900460006009000000000802000800000
209030700405060000000700906000006007001800020300000400050000002004020009702000300
140000003080004000000090000500040308000007569001000040090060800305000007060051000
280760000000001000000008060000104000050000000760023040609007420000080003000090507
000300000090008200000960750035000000000004000041000890204005009050100000700046001
000007080800056400060010007003500600700000000900000501400008010000005063002070009
090020007060007009000090410200000360000004500040700000900840230000005040300100000
010000400072000093409000760006208900800006570000009000050000001004030000003005000
